Time: 1
Clients: (7, 1, 7) (21, 1, 4) (26, 1, 9) (29, 1, 7) (49, 1, 9) (9, 2, 7) (10, 2, 4) (12, 2, 3) (27, 2, 9) (5, 3, 7) (8, 3, 6) (18, 3, 2) (42, 3, 7) (47, 3, 8) (17, 4, 3) (19, 4, 3) (22, 4, 8) (23, 4, 5) (34, 4, 9) (35, 4, 8) (15, 5, 9) (16, 5, 9) (20, 5, 2) (31, 5, 8) (33, 5, 2) (36, 5, 2) (37, 5, 2) (45, 5, 5) (46, 5, 6) (25, 6, 7) (41, 6, 7) (43, 6, 6) (2, 7, 3) (24, 7, 4) (38, 7, 4) (39, 7, 2) (0, 8, 3) (11, 8, 9) (13, 8, 8) (14, 8, 7) (28, 8, 9) (32, 8, 2) (40, 8, 2) (44, 8, 9) (1, 9, 7) (3, 9, 3) (4, 9, 7) (6, 9, 5) (30, 9, 3) (48, 9, 4) 
Queue 1: 
Queue 2: 

Time: 2
Clients: (9, 2, 7) (10, 2, 4) (12, 2, 3) (27, 2, 9) (5, 3, 7) (8, 3, 6) (18, 3, 2) (42, 3, 7) (47, 3, 8) (17, 4, 3) (19, 4, 3) (22, 4, 8) (23, 4, 5) (34, 4, 9) (35, 4, 8) (15, 5, 9) (16, 5, 9) (20, 5, 2) (31, 5, 8) (33, 5, 2) (36, 5, 2) (37, 5, 2) (45, 5, 5) (46, 5, 6) (25, 6, 7) (41, 6, 7) (43, 6, 6) (2, 7, 3) (24, 7, 4) (38, 7, 4) (39, 7, 2) (0, 8, 3) (11, 8, 9) (13, 8, 8) (14, 8, 7) (28, 8, 9) (32, 8, 2) (40, 8, 2) (44, 8, 9) (1, 9, 7) (3, 9, 3) (4, 9, 7) (6, 9, 5) (30, 9, 3) (48, 9, 4) 
Queue 1: (7, 1, 7) (29, 1, 7) 
Queue 2: (21, 1, 4) (26, 1, 9) (49, 1, 9) 

Time: 3
Clients: (5, 3, 7) (8, 3, 6) (18, 3, 2) (42, 3, 7) (47, 3, 8) (17, 4, 3) (19, 4, 3) (22, 4, 8) (23, 4, 5) (34, 4, 9) (35, 4, 8) (15, 5, 9) (16, 5, 9) (20, 5, 2) (31, 5, 8) (33, 5, 2) (36, 5, 2) (37, 5, 2) (45, 5, 5) (46, 5, 6) (25, 6, 7) (41, 6, 7) (43, 6, 6) (2, 7, 3) (24, 7, 4) (38, 7, 4) (39, 7, 2) (0, 8, 3) (11, 8, 9) (13, 8, 8) (14, 8, 7) (28, 8, 9) (32, 8, 2) (40, 8, 2) (44, 8, 9) (1, 9, 7) (3, 9, 3) (4, 9, 7) (6, 9, 5) (30, 9, 3) (48, 9, 4) 
Queue 1: (7, 1, 7) (29, 1, 7) (9, 2, 7) (10, 2, 4) 
Queue 2: (21, 1, 4) (26, 1, 9) (49, 1, 9) (12, 2, 3) (27, 2, 9) 

Time: 4
Clients: (17, 4, 3) (19, 4, 3) (22, 4, 8) (23, 4, 5) (34, 4, 9) (35, 4, 8) (15, 5, 9) (16, 5, 9) (20, 5, 2) (31, 5, 8) (33, 5, 2) (36, 5, 2) (37, 5, 2) (45, 5, 5) (46, 5, 6) (25, 6, 7) (41, 6, 7) (43, 6, 6) (2, 7, 3) (24, 7, 4) (38, 7, 4) (39, 7, 2) (0, 8, 3) (11, 8, 9) (13, 8, 8) (14, 8, 7) (28, 8, 9) (32, 8, 2) (40, 8, 2) (44, 8, 9) (1, 9, 7) (3, 9, 3) (4, 9, 7) (6, 9, 5) (30, 9, 3) (48, 9, 4) 
Queue 1: (21, 1, 4) (26, 1, 9) (49, 1, 9) (12, 2, 3) (27, 2, 9) (18, 3, 2) (42, 3, 7) 
Queue 2: (7, 1, 7) (29, 1, 7) (9, 2, 7) (10, 2, 4) (5, 3, 7) (8, 3, 6) (47, 3, 8) 

Time: 5
Clients: (15, 5, 9) (16, 5, 9) (20, 5, 2) (31, 5, 8) (33, 5, 2) (36, 5, 2) (37, 5, 2) (45, 5, 5) (46, 5, 6) (25, 6, 7) (41, 6, 7) (43, 6, 6) (2, 7, 3) (24, 7, 4) (38, 7, 4) (39, 7, 2) (0, 8, 3) (11, 8, 9) (13, 8, 8) (14, 8, 7) (28, 8, 9) (32, 8, 2) (40, 8, 2) (44, 8, 9) (1, 9, 7) (3, 9, 3) (4, 9, 7) (6, 9, 5) (30, 9, 3) (48, 9, 4) 
Queue 1: (7, 1, 7) (29, 1, 7) (9, 2, 7) (10, 2, 4) (5, 3, 7) (8, 3, 6) (47, 3, 8) (22, 4, 8) (35, 4, 8) 
Queue 2: (21, 1, 4) (26, 1, 9) (49, 1, 9) (12, 2, 3) (27, 2, 9) (18, 3, 2) (42, 3, 7) (17, 4, 3) (19, 4, 3) (23, 4, 5) (34, 4, 9) 

Time: 6
Clients: (25, 6, 7) (41, 6, 7) (43, 6, 6) (2, 7, 3) (24, 7, 4) (38, 7, 4) (39, 7, 2) (0, 8, 3) (11, 8, 9) (13, 8, 8) (14, 8, 7) (28, 8, 9) (32, 8, 2) (40, 8, 2) (44, 8, 9) (1, 9, 7) (3, 9, 3) (4, 9, 7) (6, 9, 5) (30, 9, 3) (48, 9, 4) 
Queue 1: (7, 1, 7) (29, 1, 7) (9, 2, 7) (10, 2, 4) (5, 3, 7) (8, 3, 6) (47, 3, 8) (22, 4, 8) (35, 4, 8) (15, 5, 9) (20, 5, 2) (33, 5, 2) (36, 5, 2) (37, 5, 2) (45, 5, 5) 
Queue 2: (26, 1, 9) (49, 1, 9) (12, 2, 3) (27, 2, 9) (18, 3, 2) (42, 3, 7) (17, 4, 3) (19, 4, 3) (23, 4, 5) (34, 4, 9) (16, 5, 9) (31, 5, 8) (46, 5, 6) 

Time: 7
Clients: (2, 7, 3) (24, 7, 4) (38, 7, 4) (39, 7, 2) (0, 8, 3) (11, 8, 9) (13, 8, 8) (14, 8, 7) (28, 8, 9) (32, 8, 2) (40, 8, 2) (44, 8, 9) (1, 9, 7) (3, 9, 3) (4, 9, 7) (6, 9, 5) (30, 9, 3) (48, 9, 4) 
Queue 1: (26, 1, 9) (49, 1, 9) (12, 2, 3) (27, 2, 9) (18, 3, 2) (42, 3, 7) (17, 4, 3) (19, 4, 3) (23, 4, 5) (34, 4, 9) (16, 5, 9) (31, 5, 8) (46, 5, 6) (41, 6, 7) 
Queue 2: (7, 1, 7) (29, 1, 7) (9, 2, 7) (10, 2, 4) (5, 3, 7) (8, 3, 6) (47, 3, 8) (22, 4, 8) (35, 4, 8) (15, 5, 9) (20, 5, 2) (33, 5, 2) (36, 5, 2) (37, 5, 2) (45, 5, 5) (25, 6, 7) (43, 6, 6) 

Time: 8
Clients: (0, 8, 3) (11, 8, 9) (13, 8, 8) (14, 8, 7) (28, 8, 9) (32, 8, 2) (40, 8, 2) (44, 8, 9) (1, 9, 7) (3, 9, 3) (4, 9, 7) (6, 9, 5) (30, 9, 3) (48, 9, 4) 
Queue 1: (7, 1, 7) (29, 1, 7) (9, 2, 7) (10, 2, 4) (5, 3, 7) (8, 3, 6) (47, 3, 8) (22, 4, 8) (35, 4, 8) (15, 5, 9) (20, 5, 2) (33, 5, 2) (36, 5, 2) (37, 5, 2) (45, 5, 5) (25, 6, 7) (43, 6, 6) (38, 7, 4) 
Queue 2: (26, 1, 9) (49, 1, 9) (12, 2, 3) (27, 2, 9) (18, 3, 2) (42, 3, 7) (17, 4, 3) (19, 4, 3) (23, 4, 5) (34, 4, 9) (16, 5, 9) (31, 5, 8) (46, 5, 6) (41, 6, 7) (2, 7, 3) (24, 7, 4) (39, 7, 2) 

Time: 9
Clients: (1, 9, 7) (3, 9, 3) (4, 9, 7) (6, 9, 5) (30, 9, 3) (48, 9, 4) 
Queue 1: (26, 1, 9) (49, 1, 9) (12, 2, 3) (27, 2, 9) (18, 3, 2) (42, 3, 7) (17, 4, 3) (19, 4, 3) (23, 4, 5) (34, 4, 9) (16, 5, 9) (31, 5, 8) (46, 5, 6) (41, 6, 7) (2, 7, 3) (24, 7, 4) (39, 7, 2) (11, 8, 9) (14, 8, 7) (32, 8, 2) (40, 8, 2) 
Queue 2: (29, 1, 7) (9, 2, 7) (10, 2, 4) (5, 3, 7) (8, 3, 6) (47, 3, 8) (22, 4, 8) (35, 4, 8) (15, 5, 9) (20, 5, 2) (33, 5, 2) (36, 5, 2) (37, 5, 2) (45, 5, 5) (25, 6, 7) (43, 6, 6) (38, 7, 4) (0, 8, 3) (13, 8, 8) (28, 8, 9) (44, 8, 9) 

Time: 10
Clients: 
Queue 1: (26, 1, 9) (49, 1, 9) (12, 2, 3) (27, 2, 9) (18, 3, 2) (42, 3, 7) (17, 4, 3) (19, 4, 3) (23, 4, 5) (34, 4, 9) (16, 5, 9) (31, 5, 8) (46, 5, 6) (41, 6, 7) (2, 7, 3) (24, 7, 4) (39, 7, 2) (11, 8, 9) (14, 8, 7) (32, 8, 2) (40, 8, 2) (1, 9, 7) (3, 9, 3) (6, 9, 5) (30, 9, 3) 
Queue 2: (29, 1, 7) (9, 2, 7) (10, 2, 4) (5, 3, 7) (8, 3, 6) (47, 3, 8) (22, 4, 8) (35, 4, 8) (15, 5, 9) (20, 5, 2) (33, 5, 2) (36, 5, 2) (37, 5, 2) (45, 5, 5) (25, 6, 7) (43, 6, 6) (38, 7, 4) (0, 8, 3) (13, 8, 8) (28, 8, 9) (44, 8, 9) (4, 9, 7) (48, 9, 4) 

Time: 11
Clients: 
Queue 1: (26, 1, 9) (49, 1, 9) (12, 2, 3) (27, 2, 9) (18, 3, 2) (42, 3, 7) (17, 4, 3) (19, 4, 3) (23, 4, 5) (34, 4, 9) (16, 5, 9) (31, 5, 8) (46, 5, 6) (41, 6, 7) (2, 7, 3) (24, 7, 4) (39, 7, 2) (11, 8, 9) (14, 8, 7) (32, 8, 2) (40, 8, 2) (1, 9, 7) (3, 9, 3) (6, 9, 5) (30, 9, 3) 
Queue 2: (29, 1, 7) (9, 2, 7) (10, 2, 4) (5, 3, 7) (8, 3, 6) (47, 3, 8) (22, 4, 8) (35, 4, 8) (15, 5, 9) (20, 5, 2) (33, 5, 2) (36, 5, 2) (37, 5, 2) (45, 5, 5) (25, 6, 7) (43, 6, 6) (38, 7, 4) (0, 8, 3) (13, 8, 8) (28, 8, 9) (44, 8, 9) (4, 9, 7) (48, 9, 4) 

Time: 12
Clients: 
Queue 1: (26, 1, 9) (49, 1, 9) (12, 2, 3) (27, 2, 9) (18, 3, 2) (42, 3, 7) (17, 4, 3) (19, 4, 3) (23, 4, 5) (34, 4, 9) (16, 5, 9) (31, 5, 8) (46, 5, 6) (41, 6, 7) (2, 7, 3) (24, 7, 4) (39, 7, 2) (11, 8, 9) (14, 8, 7) (32, 8, 2) (40, 8, 2) (1, 9, 7) (3, 9, 3) (6, 9, 5) (30, 9, 3) 
Queue 2: (29, 1, 7) (9, 2, 7) (10, 2, 4) (5, 3, 7) (8, 3, 6) (47, 3, 8) (22, 4, 8) (35, 4, 8) (15, 5, 9) (20, 5, 2) (33, 5, 2) (36, 5, 2) (37, 5, 2) (45, 5, 5) (25, 6, 7) (43, 6, 6) (38, 7, 4) (0, 8, 3) (13, 8, 8) (28, 8, 9) (44, 8, 9) (4, 9, 7) (48, 9, 4) 

Time: 13
Clients: 
Queue 1: (26, 1, 9) (49, 1, 9) (12, 2, 3) (27, 2, 9) (18, 3, 2) (42, 3, 7) (17, 4, 3) (19, 4, 3) (23, 4, 5) (34, 4, 9) (16, 5, 9) (31, 5, 8) (46, 5, 6) (41, 6, 7) (2, 7, 3) (24, 7, 4) (39, 7, 2) (11, 8, 9) (14, 8, 7) (32, 8, 2) (40, 8, 2) (1, 9, 7) (3, 9, 3) (6, 9, 5) (30, 9, 3) 
Queue 2: (29, 1, 7) (9, 2, 7) (10, 2, 4) (5, 3, 7) (8, 3, 6) (47, 3, 8) (22, 4, 8) (35, 4, 8) (15, 5, 9) (20, 5, 2) (33, 5, 2) (36, 5, 2) (37, 5, 2) (45, 5, 5) (25, 6, 7) (43, 6, 6) (38, 7, 4) (0, 8, 3) (13, 8, 8) (28, 8, 9) (44, 8, 9) (4, 9, 7) (48, 9, 4) 

Time: 14
Clients: 
Queue 1: (26, 1, 9) (49, 1, 9) (12, 2, 3) (27, 2, 9) (18, 3, 2) (42, 3, 7) (17, 4, 3) (19, 4, 3) (23, 4, 5) (34, 4, 9) (16, 5, 9) (31, 5, 8) (46, 5, 6) (41, 6, 7) (2, 7, 3) (24, 7, 4) (39, 7, 2) (11, 8, 9) (14, 8, 7) (32, 8, 2) (40, 8, 2) (1, 9, 7) (3, 9, 3) (6, 9, 5) (30, 9, 3) 
Queue 2: (29, 1, 7) (9, 2, 7) (10, 2, 4) (5, 3, 7) (8, 3, 6) (47, 3, 8) (22, 4, 8) (35, 4, 8) (15, 5, 9) (20, 5, 2) (33, 5, 2) (36, 5, 2) (37, 5, 2) (45, 5, 5) (25, 6, 7) (43, 6, 6) (38, 7, 4) (0, 8, 3) (13, 8, 8) (28, 8, 9) (44, 8, 9) (4, 9, 7) (48, 9, 4) 

Time: 15
Clients: 
Queue 1: (49, 1, 9) (12, 2, 3) (27, 2, 9) (18, 3, 2) (42, 3, 7) (17, 4, 3) (19, 4, 3) (23, 4, 5) (34, 4, 9) (16, 5, 9) (31, 5, 8) (46, 5, 6) (41, 6, 7) (2, 7, 3) (24, 7, 4) (39, 7, 2) (11, 8, 9) (14, 8, 7) (32, 8, 2) (40, 8, 2) (1, 9, 7) (3, 9, 3) (6, 9, 5) (30, 9, 3) 
Queue 2: (29, 1, 7) (9, 2, 7) (10, 2, 4) (5, 3, 7) (8, 3, 6) (47, 3, 8) (22, 4, 8) (35, 4, 8) (15, 5, 9) (20, 5, 2) (33, 5, 2) (36, 5, 2) (37, 5, 2) (45, 5, 5) (25, 6, 7) (43, 6, 6) (38, 7, 4) (0, 8, 3) (13, 8, 8) (28, 8, 9) (44, 8, 9) (4, 9, 7) (48, 9, 4) 

Time: 16
Clients: 
Queue 1: (49, 1, 9) (12, 2, 3) (27, 2, 9) (18, 3, 2) (42, 3, 7) (17, 4, 3) (19, 4, 3) (23, 4, 5) (34, 4, 9) (16, 5, 9) (31, 5, 8) (46, 5, 6) (41, 6, 7) (2, 7, 3) (24, 7, 4) (39, 7, 2) (11, 8, 9) (14, 8, 7) (32, 8, 2) (40, 8, 2) (1, 9, 7) (3, 9, 3) (6, 9, 5) (30, 9, 3) 
Queue 2: (9, 2, 7) (10, 2, 4) (5, 3, 7) (8, 3, 6) (47, 3, 8) (22, 4, 8) (35, 4, 8) (15, 5, 9) (20, 5, 2) (33, 5, 2) (36, 5, 2) (37, 5, 2) (45, 5, 5) (25, 6, 7) (43, 6, 6) (38, 7, 4) (0, 8, 3) (13, 8, 8) (28, 8, 9) (44, 8, 9) (4, 9, 7) (48, 9, 4) 

Time: 17
Clients: 
Queue 1: (49, 1, 9) (12, 2, 3) (27, 2, 9) (18, 3, 2) (42, 3, 7) (17, 4, 3) (19, 4, 3) (23, 4, 5) (34, 4, 9) (16, 5, 9) (31, 5, 8) (46, 5, 6) (41, 6, 7) (2, 7, 3) (24, 7, 4) (39, 7, 2) (11, 8, 9) (14, 8, 7) (32, 8, 2) (40, 8, 2) (1, 9, 7) (3, 9, 3) (6, 9, 5) (30, 9, 3) 
Queue 2: (9, 2, 7) (10, 2, 4) (5, 3, 7) (8, 3, 6) (47, 3, 8) (22, 4, 8) (35, 4, 8) (15, 5, 9) (20, 5, 2) (33, 5, 2) (36, 5, 2) (37, 5, 2) (45, 5, 5) (25, 6, 7) (43, 6, 6) (38, 7, 4) (0, 8, 3) (13, 8, 8) (28, 8, 9) (44, 8, 9) (4, 9, 7) (48, 9, 4) 

Time: 18
Clients: 
Queue 1: (49, 1, 9) (12, 2, 3) (27, 2, 9) (18, 3, 2) (42, 3, 7) (17, 4, 3) (19, 4, 3) (23, 4, 5) (34, 4, 9) (16, 5, 9) (31, 5, 8) (46, 5, 6) (41, 6, 7) (2, 7, 3) (24, 7, 4) (39, 7, 2) (11, 8, 9) (14, 8, 7) (32, 8, 2) (40, 8, 2) (1, 9, 7) (3, 9, 3) (6, 9, 5) (30, 9, 3) 
Queue 2: (9, 2, 7) (10, 2, 4) (5, 3, 7) (8, 3, 6) (47, 3, 8) (22, 4, 8) (35, 4, 8) (15, 5, 9) (20, 5, 2) (33, 5, 2) (36, 5, 2) (37, 5, 2) (45, 5, 5) (25, 6, 7) (43, 6, 6) (38, 7, 4) (0, 8, 3) (13, 8, 8) (28, 8, 9) (44, 8, 9) (4, 9, 7) (48, 9, 4) 

Time: 19
Clients: 
Queue 1: (49, 1, 9) (12, 2, 3) (27, 2, 9) (18, 3, 2) (42, 3, 7) (17, 4, 3) (19, 4, 3) (23, 4, 5) (34, 4, 9) (16, 5, 9) (31, 5, 8) (46, 5, 6) (41, 6, 7) (2, 7, 3) (24, 7, 4) (39, 7, 2) (11, 8, 9) (14, 8, 7) (32, 8, 2) (40, 8, 2) (1, 9, 7) (3, 9, 3) (6, 9, 5) (30, 9, 3) 
Queue 2: (9, 2, 7) (10, 2, 4) (5, 3, 7) (8, 3, 6) (47, 3, 8) (22, 4, 8) (35, 4, 8) (15, 5, 9) (20, 5, 2) (33, 5, 2) (36, 5, 2) (37, 5, 2) (45, 5, 5) (25, 6, 7) (43, 6, 6) (38, 7, 4) (0, 8, 3) (13, 8, 8) (28, 8, 9) (44, 8, 9) (4, 9, 7) (48, 9, 4) 

Time: 20
Clients: 
Queue 1: (49, 1, 9) (12, 2, 3) (27, 2, 9) (18, 3, 2) (42, 3, 7) (17, 4, 3) (19, 4, 3) (23, 4, 5) (34, 4, 9) (16, 5, 9) (31, 5, 8) (46, 5, 6) (41, 6, 7) (2, 7, 3) (24, 7, 4) (39, 7, 2) (11, 8, 9) (14, 8, 7) (32, 8, 2) (40, 8, 2) (1, 9, 7) (3, 9, 3) (6, 9, 5) (30, 9, 3) 
Queue 2: (9, 2, 7) (10, 2, 4) (5, 3, 7) (8, 3, 6) (47, 3, 8) (22, 4, 8) (35, 4, 8) (15, 5, 9) (20, 5, 2) (33, 5, 2) (36, 5, 2) (37, 5, 2) (45, 5, 5) (25, 6, 7) (43, 6, 6) (38, 7, 4) (0, 8, 3) (13, 8, 8) (28, 8, 9) (44, 8, 9) (4, 9, 7) (48, 9, 4) 

Average waiting time: 96.45
Average service time: 5.62
Peak hour: 10